#band	1
      1.117061     -2.390627
      1.119307     -2.353179
      1.121552     -2.317932
      1.123797     -2.284882
      1.126042     -2.254008
      1.128287     -2.225278
      1.130533     -2.198333
      1.132778     -2.173744
      1.135023     -2.151119
      1.137268     -2.130377
      1.139514     -2.111434
      1.141759     -2.094195
      1.144004     -2.078569
      1.146249     -2.064456
      1.148494     -2.051759
      1.150740     -2.040380
      1.152985     -2.030228
      1.155230     -2.021211
      1.157475     -2.013246
      1.159720     -2.006251
      1.161966     -2.000153
      1.164211     -1.994883
      1.166456     -1.990359
      1.168701     -1.986566
      1.170946     -1.983331
      1.173192     -1.980828
      1.175437     -1.978916
      1.177682     -1.977568
      1.179927     -1.976766
      1.182173     -1.976543


#band	2
      1.117061     -1.386393
      1.119307     -1.426277
      1.121552     -1.464777
      1.123797     -1.501891
      1.126042     -1.537619
      1.128287     -1.571958
      1.130533     -1.604870
      1.132778     -1.636427
      1.135023     -1.666592
      1.137268     -1.695362
      1.139514     -1.722738
      1.141759     -1.748717
      1.144004     -1.773299
      1.146249     -1.796481
      1.148494     -1.818263
      1.150740     -1.838645
      1.152985     -1.857624
      1.155230     -1.875200
      1.157475     -1.891373
      1.159720     -1.906142
      1.161966     -1.919506
      1.164211     -1.931465
      1.166456     -1.942016
      1.168701     -1.951165
      1.170946     -1.958905
      1.173192     -1.965239
      1.175437     -1.970165
      1.177682     -1.973684
      1.179927     -1.975795
      1.182173     -1.976542


#band	3
      1.117061      1.536950
      1.119307      1.569073
      1.121552      1.605011
      1.123797      1.644678
      1.126042      1.687962
      1.128287      1.734725
      1.130533      1.785218
      1.132778      1.838442
      1.135023      1.894576
      1.137268      1.953373
      1.139514      2.014559
      1.141759      2.077831
      1.144004      2.142849
      1.146249      2.209242
      1.148494      2.276605
      1.150740      2.344489
      1.152985      2.412398
      1.155230      2.479791
      1.157475      2.546071
      1.159720      2.610584
      1.161966      2.672744
      1.164211      2.731539
      1.166456      2.786439
      1.168701      2.836282
      1.170946      2.880618
      1.173192      2.918106
      1.175437      2.948215
      1.177682      2.970267
      1.179927      2.983736
      1.182173      2.987867


#band	4
      1.117061      3.416071
      1.119307      3.387904
      1.121552      3.360606
      1.123797      3.334192
      1.126042      3.308674
      1.128287      3.284064
      1.130533      3.260376
      1.132778      3.237618
      1.135023      3.215803
      1.137268      3.194939
      1.139514      3.175037
      1.141759      3.156105
      1.144004      3.138152
      1.146249      3.121185
      1.148494      3.105211
      1.150740      3.090237
      1.152985      3.076270
      1.155230      3.063314
      1.157475      3.051376
      1.159720      3.040459
      1.161966      3.030568
      1.164211      3.021708
      1.166456      3.013924
      1.168701      3.007137
      1.170946      3.001388
      1.173192      2.996681
      1.175437      2.993017
      1.177682      2.990398
      1.179927      2.988824
      1.182173      2.987876


#band	5
      1.117061      7.057770
      1.119307      7.025109
      1.121552      6.993462
      1.123797      6.962847
      1.126042      6.933277
      1.128287      6.904767
      1.130533      6.877428
      1.132778      6.851077
      1.135023      6.825824
      1.137268      6.801681
      1.139514      6.778658
      1.141759      6.756763
      1.144004      6.736007
      1.146249      6.716396
      1.148494      6.697939
      1.150740      6.680643
      1.152985      6.664514
      1.155230      6.649558
      1.157475      6.635780
      1.159720      6.623185
      1.161966      6.611778
      1.164211      6.601563
      1.166456      6.593159
      1.168701      6.584945
      1.170946      6.578316
      1.173192      6.572889
      1.175437      6.568668
      1.177682      6.565652
      1.179927      6.563844
      1.182173      6.562420


#band	6
      1.117061      9.987774
      1.119307      9.814645
      1.121552      9.643082
      1.123797      9.473258
      1.126042      9.305338
      1.128287      9.139485
      1.130533      8.977356
      1.132778      8.816111
      1.135023      8.657460
      1.137268      8.501600
      1.139514      8.348746
      1.141759      8.199134
      1.144004      8.053027
      1.146249      7.910717
      1.148494      7.772530
      1.150740      7.638836
      1.152985      7.510047
      1.155230      7.386629
      1.157475      7.269102
      1.159720      7.158045
      1.161966      7.054148
      1.164211      6.958026
      1.166456      6.870477
      1.168701      6.791917
      1.170946      6.725028
      1.173192      6.668037
      1.175437      6.622786
      1.177682      6.589930
      1.179927      6.569980
      1.182173      6.562441


#band	7
      1.117061     13.329091
      1.119307     13.436744
      1.121552     13.544314
      1.123797     13.653321
      1.126042     13.762608
      1.128287     13.871665
      1.130533     13.981842
      1.132778     14.092455
      1.135023     14.203865
      1.137268     14.316433
      1.139514     14.424832
      1.141759     14.536048
      1.144004     14.650005
      1.146249     14.758118
      1.148494     14.861810
      1.150740     14.969452
      1.152985     15.077029
      1.155230     15.181839
      1.157475     15.280793
      1.159720     15.378618
      1.161966     15.479536
      1.164211     15.564632
      1.166456     15.650408
      1.168701     15.727255
      1.170946     15.796905
      1.173192     15.855676
      1.175437     15.908321
      1.177682     15.940968
      1.179927     15.963504
      1.182173     15.970626


#band	8
      1.117061     13.891866
      1.119307     14.026539
      1.121552     14.122810
      1.123797     14.233500
      1.126042     14.348950
      1.128287     14.496747
      1.130533     14.580625
      1.132778     14.696006
      1.135023     14.778892
      1.137268     14.880595
      1.139514     14.946827
      1.141759     15.050817
      1.144004     15.139559
      1.146249     15.248383
      1.148494     15.337849
      1.150740     15.351301
      1.152985     15.434197
      1.155230     15.515195
      1.157475     15.555252
      1.159720     15.682266
      1.161966     15.698652
      1.164211     15.754958
      1.166456     15.788933
      1.168701     15.846397
      1.170946     15.883204
      1.173192     15.914651
      1.175437     15.949266
      1.177682     15.968379
      1.179927     15.967281
      1.182173     16.071909


