#band	1
      0.808952     -2.390627
      0.811198     -2.389937
      0.813443     -2.387865
      0.815688     -2.384412
      0.817933     -2.379578
      0.820178     -2.373364
      0.822424     -2.365770
      0.824669     -2.356796
      0.826914     -2.346443
      0.829159     -2.334663
      0.831404     -2.321554
      0.833650     -2.307140
      0.835895     -2.291277
      0.838140     -2.274041
      0.840385     -2.255413
      0.842630     -2.235431
      0.844876     -2.214092
      0.847121     -2.191372
      0.849366     -2.167284
      0.851611     -2.141839
      0.853857     -2.115023
      0.856102     -2.086846
      0.858347     -2.057310
      0.860592     -2.026417
      0.862837     -1.993909
      0.865083     -1.960311
      0.867328     -1.925233
      0.869573     -1.888922
      0.871818     -1.851282
      0.874063     -1.812303


#band	2
      0.808952     -1.386393
      0.811198     -1.386674
      0.813443     -1.387493
      0.815688     -1.388873
      0.817933     -1.390833
      0.820178     -1.393398
      0.822424     -1.396604
      0.824669     -1.400590
      0.826914     -1.405216
      0.829159     -1.410546
      0.831404     -1.416815
      0.833650     -1.424018
      0.835895     -1.432211
      0.838140     -1.441488
      0.840385     -1.451927
      0.842630     -1.463640
      0.844876     -1.476795
      0.847121     -1.491334
      0.849366     -1.507434
      0.851611     -1.525308
      0.853857     -1.544833
      0.856102     -1.566211
      0.858347     -1.589532
      0.860592     -1.614880
      0.862837     -1.642136
      0.865083     -1.671735
      0.867328     -1.703467
      0.869573     -1.737492
      0.871818     -1.773774
      0.874063     -1.812301


#band	3
      0.808952      1.536950
      0.811198      1.537500
      0.813443      1.539158
      0.815688      1.541920
      0.817933      1.545784
      0.820178      1.550750
      0.822424      1.556815
      0.824669      1.563977
      0.826914      1.572231
      0.829159      1.581598
      0.831404      1.592029
      0.833650      1.603429
      0.835895      1.616019
      0.838140      1.629679
      0.840385      1.644599
      0.842630      1.660381
      0.844876      1.677202
      0.847121      1.695072
      0.849366      1.713972
      0.851611      1.733867
      0.853857      1.754799
      0.856102      1.776729
      0.858347      1.799646
      0.860592      1.823538
      0.862837      1.848747
      0.865083      1.874546
      0.867328      1.901322
      0.869573      1.928970
      0.871818      1.957509
      0.874063      1.986924


#band	4
      0.808952      3.416071
      0.811198      3.411557
      0.813443      3.398458
      0.815688      3.376984
      0.817933      3.347631
      0.820178      3.311046
      0.822424      3.267971
      0.824669      3.218947
      0.826914      3.165311
      0.829159      3.107664
      0.831404      3.046743
      0.833650      2.983296
      0.835895      2.918077
      0.838140      2.851702
      0.840385      2.784788
      0.842630      2.717825
      0.844876      2.650819
      0.847121      2.585259
      0.849366      2.521035
      0.851611      2.458306
      0.853857      2.397845
      0.856102      2.339739
      0.858347      2.284262
      0.860592      2.231658
      0.862837      2.182195
      0.865083      2.135973
      0.867328      2.093341
      0.869573      2.054194
      0.871818      2.018680
      0.874063      1.986932


#band	5
      0.808952      7.057770
      0.811198      7.064278
      0.813443      7.083723
      0.815688      7.115785
      0.817933      7.159980
      0.820178      7.215687
      0.822424      7.282186
      0.824669      7.357615
      0.826914      7.443374
      0.829159      7.537610
      0.831404      7.639529
      0.833650      7.748456
      0.835895      7.863744
      0.838140      7.984799
      0.840385      8.111864
      0.842630      8.242880
      0.844876      8.377590
      0.847121      8.516689
      0.849366      8.659186
      0.851611      8.803870
      0.853857      8.951849
      0.856102      9.101828
      0.858347      9.253162
      0.860592      9.404976
      0.862837      9.556240
      0.865083      9.704291
      0.867328      9.845854
      0.869573      9.974151
      0.871818     10.075261
      0.874063     10.132080


#band	6
      0.808952      9.987774
      0.811198      9.987697
      0.813443      9.989078
      0.815688      9.991382
      0.817933      9.994601
      0.820178      9.998727
      0.822424     10.003747
      0.824669     10.009644
      0.826914     10.016397
      0.829159     10.023990
      0.831404     10.032377
      0.833650     10.041249
      0.835895     10.051122
      0.838140     10.061661
      0.840385     10.072900
      0.842630     10.084547
      0.844876     10.096148
      0.847121     10.108483
      0.849366     10.120939
      0.851611     10.133000
      0.853857     10.144997
      0.856102     10.156287
      0.858347     10.166413
      0.860592     10.174774
      0.862837     10.182277
      0.865083     10.184545
      0.867328     10.182387
      0.869573     10.173662
      0.871818     10.157274
      0.874063     10.132115


#band	7
      0.808952     13.329003
      0.811198     13.308028
      0.813443     13.253391
      0.815688     13.177580
      0.817933     13.089692
      0.820178     12.995142
      0.822424     12.896728
      0.824669     12.795959
      0.826914     12.693839
      0.829159     12.592156
      0.831404     12.488973
      0.833650     12.384580
      0.835895     12.281657
      0.838140     12.179178
      0.840385     12.078118
      0.842630     11.977139
      0.844876     11.876256
      0.847121     11.777567
      0.849366     11.680351
      0.851611     11.584501
      0.853857     11.491102
      0.856102     11.400185
      0.858347     11.312240
      0.860592     11.227912
      0.862837     11.148131
      0.865083     11.058719
      0.867328     10.968905
      0.869573     10.896642
      0.871818     10.853773
      0.874063     10.858451


#band	8
      0.808952     13.897361
      0.811198     13.916859
      0.813443     13.929915
      0.815688     13.805433
      0.817933     13.671441
      0.820178     13.538893
      0.822424     13.405118
      0.824669     13.271350
      0.826914     13.137947
      0.829159     13.006199
      0.831404     12.873932
      0.833650     12.741573
      0.835895     12.610953
      0.838140     12.481312
      0.840385     12.353273
      0.842630     12.225834
      0.844876     12.097423
      0.847121     11.972637
      0.849366     11.849365
      0.851611     11.727618
      0.853857     11.607949
      0.856102     11.490531
      0.858347     11.375813
      0.860592     11.264531
      0.862837     11.158828
      0.865083     11.073695
      0.867328     11.006471
      0.869573     10.947270
      0.871818     10.897453
      0.874063     10.858467


