#band	1
      0.276243     -1.812303
      0.278488     -1.851282
      0.280733     -1.888922
      0.282979     -1.925233
      0.285224     -1.960311
      0.287469     -1.993909
      0.289714     -2.026417
      0.291960     -2.057310
      0.294205     -2.086846
      0.296450     -2.115023
      0.298695     -2.141839
      0.300940     -2.167284
      0.303186     -2.191372
      0.305431     -2.214092
      0.307676     -2.235431
      0.309921     -2.255413
      0.312166     -2.274041
      0.314412     -2.291277
      0.316657     -2.307140
      0.318902     -2.321554
      0.321147     -2.334663
      0.323392     -2.346443
      0.325638     -2.356796
      0.327883     -2.365770
      0.330128     -2.373364
      0.332373     -2.379578
      0.334619     -2.384412
      0.336864     -2.387865
      0.339109     -2.389937
      0.341354     -2.390627


#band	2
      0.276243     -1.812301
      0.278488     -1.773774
      0.280733     -1.737492
      0.282979     -1.703467
      0.285224     -1.671735
      0.287469     -1.642136
      0.289714     -1.614880
      0.291960     -1.589532
      0.294205     -1.566211
      0.296450     -1.544833
      0.298695     -1.525308
      0.300940     -1.507434
      0.303186     -1.491334
      0.305431     -1.476795
      0.307676     -1.463640
      0.309921     -1.451927
      0.312166     -1.441488
      0.314412     -1.432211
      0.316657     -1.424018
      0.318902     -1.416815
      0.321147     -1.410546
      0.323392     -1.405216
      0.325638     -1.400590
      0.327883     -1.396604
      0.330128     -1.393398
      0.332373     -1.390833
      0.334619     -1.388873
      0.336864     -1.387493
      0.339109     -1.386674
      0.341354     -1.386393


#band	3
      0.276243      1.986924
      0.278488      1.957509
      0.280733      1.928970
      0.282979      1.901322
      0.285224      1.874546
      0.287469      1.848747
      0.289714      1.823538
      0.291960      1.799646
      0.294205      1.776729
      0.296450      1.754799
      0.298695      1.733867
      0.300940      1.713972
      0.303186      1.695072
      0.305431      1.677202
      0.307676      1.660381
      0.309921      1.644599
      0.312166      1.629679
      0.314412      1.616019
      0.316657      1.603429
      0.318902      1.592029
      0.321147      1.581598
      0.323392      1.572231
      0.325638      1.563977
      0.327883      1.556815
      0.330128      1.550750
      0.332373      1.545784
      0.334619      1.541920
      0.336864      1.539158
      0.339109      1.537500
      0.341354      1.536950


#band	4
      0.276243      1.986932
      0.278488      2.018680
      0.280733      2.054194
      0.282979      2.093341
      0.285224      2.135973
      0.287469      2.182195
      0.289714      2.231658
      0.291960      2.284262
      0.294205      2.339739
      0.296450      2.397845
      0.298695      2.458306
      0.300940      2.521035
      0.303186      2.585259
      0.305431      2.650819
      0.307676      2.717825
      0.309921      2.784788
      0.312166      2.851702
      0.314412      2.918077
      0.316657      2.983296
      0.318902      3.046743
      0.321147      3.107664
      0.323392      3.165311
      0.325638      3.218947
      0.327883      3.267971
      0.330128      3.311046
      0.332373      3.347631
      0.334619      3.376984
      0.336864      3.398458
      0.339109      3.411557
      0.341354      3.416071


#band	5
      0.276243     10.132080
      0.278488     10.075261
      0.280733      9.974152
      0.282979      9.845854
      0.285224      9.704291
      0.287469      9.556240
      0.289714      9.404976
      0.291960      9.253162
      0.294205      9.101828
      0.296450      8.951849
      0.298695      8.803870
      0.300940      8.659186
      0.303186      8.516689
      0.305431      8.377590
      0.307676      8.242880
      0.309921      8.111864
      0.312166      7.984799
      0.314412      7.863744
      0.316657      7.748456
      0.318902      7.639529
      0.321147      7.537610
      0.323392      7.443374
      0.325638      7.357615
      0.327883      7.282186
      0.330128      7.215687
      0.332373      7.159980
      0.334619      7.115785
      0.336864      7.083723
      0.339109      7.064278
      0.341354      7.057770


#band	6
      0.276243     10.132114
      0.278488     10.157273
      0.280733     10.173662
      0.282979     10.182386
      0.285224     10.184545
      0.287469     10.182277
      0.289714     10.174774
      0.291960     10.166413
      0.294205     10.156287
      0.296450     10.144997
      0.298695     10.133000
      0.300940     10.120939
      0.303186     10.108483
      0.305431     10.096148
      0.307676     10.084547
      0.309921     10.072900
      0.312166     10.061661
      0.314412     10.051122
      0.316657     10.041249
      0.318902     10.032377
      0.321147     10.023990
      0.323392     10.016397
      0.325638     10.009644
      0.327883     10.003747
      0.330128      9.998727
      0.332373      9.994601
      0.334619      9.991382
      0.336864      9.989078
      0.339109      9.987697
      0.341354      9.987774


#band	7
      0.276243     10.858455
      0.278488     10.853772
      0.280733     10.896642
      0.282979     10.968908
      0.285224     11.058719
      0.287469     11.148131
      0.289714     11.227911
      0.291960     11.312240
      0.294205     11.400188
      0.296450     11.491101
      0.298695     11.584487
      0.300940     11.680352
      0.303186     11.777567
      0.305431     11.876256
      0.307676     11.977142
      0.309921     12.078115
      0.312166     12.179178
      0.314412     12.281646
      0.316657     12.384589
      0.318902     12.489118
      0.321147     12.592151
      0.323392     12.693841
      0.325638     12.795945
      0.327883     12.896703
      0.330128     12.995149
      0.332373     13.089819
      0.334619     13.177551
      0.336864     13.253709
      0.339109     13.308003
      0.341354     13.329096


#band	8
      0.276243     10.858464
      0.278488     10.897449
      0.280733     10.947274
      0.282979     11.006468
      0.285224     11.073695
      0.287469     11.158828
      0.289714     11.264529
      0.291960     11.375814
      0.294205     11.490528
      0.296450     11.607949
      0.298695     11.727613
      0.300940     11.849366
      0.303186     11.972635
      0.305431     12.097422
      0.307676     12.225837
      0.309921     12.353271
      0.312166     12.481352
      0.314412     12.610954
      0.316657     12.741576
      0.318902     12.873979
      0.321147     13.006243
      0.323392     13.137973
      0.325638     13.271331
      0.327883     13.405086
      0.330128     13.538779
      0.332373     13.673390
      0.334619     13.802909
      0.336864     13.932506
      0.339109     13.922005
      0.341354     13.893170


