#band	1
      0.000000     -6.123809
      0.006350     -6.118610
      0.012701     -6.102992
      0.019051     -6.076961
      0.025402     -6.040443
      0.031752     -5.993660
      0.038102     -5.936618
      0.044453     -5.869204
      0.050803     -5.791534
      0.057154     -5.703661
      0.063504     -5.605648
      0.069855     -5.497589
      0.076205     -5.379536
      0.082555     -5.251580
      0.088906     -5.113816
      0.095256     -4.966358
      0.101607     -4.809344
      0.107957     -4.642756
      0.114307     -4.467038
      0.120658     -4.282130
      0.127008     -4.088254
      0.133359     -3.885200
      0.139709     -3.674004
      0.146060     -3.454424
      0.152410     -3.226732
      0.158760     -2.991192
      0.165111     -2.748047
      0.171461     -2.497697
      0.177812     -2.240405
      0.184162     -1.976543


#band	2
      0.000000      5.849623
      0.006350      5.813799
      0.012701      5.710727
      0.019051      5.551433
      0.025402      5.349653
      0.031752      5.114950
      0.038102      4.857507
      0.044453      4.584580
      0.050803      4.299710
      0.057154      4.007159
      0.063504      3.708715
      0.069855      3.406024
      0.076205      3.100189
      0.082555      2.792318
      0.088906      2.483032
      0.095256      2.172950
      0.101607      1.862614
      0.107957      1.552559
      0.114307      1.243111
      0.120658      0.934939
      0.127008      0.628442
      0.133359      0.324106
      0.139709      0.021624
      0.146060     -0.276934
      0.152410     -0.571900
      0.158760     -0.862787
      0.165111     -1.149055
      0.171461     -1.430418
      0.177812     -1.706356
      0.184162     -1.976542


#band	3
      0.000000      5.849638
      0.006350      5.826917
      0.012701      5.761798
      0.019051      5.661861
      0.025402      5.536898
      0.031752      5.393787
      0.038102      5.238358
      0.044453      5.079071
      0.050803      4.917700
      0.057154      4.757157
      0.063504      4.599261
      0.069855      4.445461
      0.076205      4.296664
      0.082555      4.154097
      0.088906      4.018226
      0.095256      3.889573
      0.101607      3.768560
      0.107957      3.655634
      0.114307      3.549995
      0.120658      3.453759
      0.127008      3.366209
      0.133359      3.287556
      0.139709      3.217634
      0.146060      3.157017
      0.152410      3.105580
      0.158760      3.063398
      0.165111      3.030670
      0.171461      3.007151
      0.177812      2.993018
      0.184162      2.987867


#band	4
      0.000000      5.849638
      0.006350      5.826927
      0.012701      5.761809
      0.019051      5.661871
      0.025402      5.536908
      0.031752      5.393797
      0.038102      5.238368
      0.044453      5.079080
      0.050803      4.917710
      0.057154      4.757167
      0.063504      4.599270
      0.069855      4.445470
      0.076205      4.296673
      0.082555      4.154106
      0.088906      4.018235
      0.095256      3.889582
      0.101607      3.768569
      0.107957      3.655643
      0.114307      3.550003
      0.120658      3.453767
      0.127008      3.366218
      0.133359      3.287565
      0.139709      3.217643
      0.146060      3.157025
      0.152410      3.105589
      0.158760      3.063406
      0.165111      3.030679
      0.171461      3.007160
      0.177812      2.993026
      0.184162      2.987876


#band	5
      0.000000      8.414154
      0.006350      8.401157
      0.012701      8.362887
      0.019051      8.301485
      0.025402      8.220186
      0.031752      8.122399
      0.038102      8.011430
      0.044453      7.892187
      0.050803      7.767297
      0.057154      7.639624
      0.063504      7.511613
      0.069855      7.385328
      0.076205      7.262561
      0.082555      7.144633
      0.088906      7.032838
      0.095256      6.928205
      0.101607      6.831617
      0.107957      6.744477
      0.114307      6.666133
      0.120658      6.597826
      0.127008      6.540072
      0.133359      6.494492
      0.139709      6.459121
      0.146060      6.435663
      0.152410      6.424407
      0.158760      6.425702
      0.165111      6.440619
      0.171461      6.467978
      0.177812      6.508848
      0.184162      6.562420


#band	6
      0.000000      8.414170
      0.006350      8.443317
      0.012701      8.527751
      0.019051      8.659839
      0.025402      8.831016
      0.031752      9.031475
      0.038102      9.254196
      0.044453      9.495925
      0.050803      9.750607
      0.057154     10.017786
      0.063504     10.100159
      0.069855      9.890891
      0.076205      9.647729
      0.082555      9.387436
      0.088906      9.123274
      0.095256      8.862333
      0.101607      8.609006
      0.107957      8.366558
      0.114307      8.135347
      0.120658      7.918153
      0.127008      7.715241
      0.133359      7.527112
      0.139709      7.352663
      0.146060      7.194861
      0.152410      7.052274
      0.158760      6.924828
      0.165111      6.812667
      0.171461      6.715047
      0.177812      6.632026
      0.184162      6.562441


#band	7
      0.000000      8.414170
      0.006350      8.443328
      0.012701      8.527762
      0.019051      8.659850
      0.025402      8.831027
      0.031752      9.031486
      0.038102      9.254207
      0.044453      9.495937
      0.050803      9.750619
      0.057154     10.017798
      0.063504     10.294215
      0.069855     10.578288
      0.076205     10.869140
      0.082555     11.165023
      0.088906     11.465605
      0.095256     11.770267
      0.101607     12.078574
      0.107957     12.394166
      0.114307     12.708269
      0.120658     13.025598
      0.127008     13.345492
      0.133359     13.668119
      0.139709     13.991031
      0.146060     14.316645
      0.152410     14.642816
      0.158760     14.967710
      0.165111     15.293782
      0.171461     15.596668
      0.177812     15.852489
      0.184162     15.967952


#band	8
      0.000000      9.217142
      0.006350      9.252245
      0.012701      9.352412
      0.019051      9.504318
      0.025402      9.690702
      0.031752      9.890471
      0.038102     10.079610
      0.044453     10.225621
      0.050803     10.288665
      0.057154     10.243730
      0.063504     10.294226
      0.069855     10.578302
      0.076205     10.869151
      0.082555     11.165034
      0.088906     11.465604
      0.095256     11.770274
      0.101607     12.078704
      0.107957     12.394176
      0.114307     12.708283
      0.120658     13.025632
      0.127008     13.345502
      0.133359     13.668224
      0.139709     13.991037
      0.146060     14.316662
      0.152410     14.642829
      0.158760     14.967715
      0.165111     15.293870
      0.171461     15.596886
      0.177812     15.853819
      0.184162     15.968291


