#band	1
      0.341354     -2.390627
      0.348090     -2.515981
      0.354825     -2.659810
      0.361561     -2.820028
      0.368297     -2.993326
      0.375032     -3.176765
      0.381768     -3.367034
      0.388504     -3.561154
      0.395239     -3.756498
      0.401975     -3.950944
      0.408711     -4.142294
      0.415446     -4.329162
      0.422182     -4.510235
      0.428917     -4.684431
      0.435653     -4.850913
      0.442389     -5.008875
      0.449124     -5.157978
      0.455860     -5.297390
      0.462596     -5.426816
      0.469331     -5.545888
      0.476067     -5.654367
      0.482802     -5.751995
      0.489538     -5.838552
      0.496274     -5.913804
      0.503009     -5.977747
      0.509745     -6.030205
      0.516481     -6.071089
      0.523216     -6.100394
      0.529952     -6.117960
      0.536688     -6.123809


#band	2
      0.341354     -1.386393
      0.348090     -1.258511
      0.354825     -1.118213
      0.361561     -0.965346
      0.368297     -0.800028
      0.375032     -0.622925
      0.381768     -0.433738
      0.388504     -0.232564
      0.395239     -0.019534
      0.401975      0.205348
      0.408711      0.441735
      0.415446      0.689552
      0.422182      0.949058
      0.428917      1.219259
      0.435653      1.500050
      0.442389      1.791473
      0.449124      2.092426
      0.455860      2.403034
      0.462596      2.722429
      0.469331      3.050079
      0.476067      3.384258
      0.482802      3.723648
      0.489538      4.065986
      0.496274      4.409480
      0.503009      4.746270
      0.509745      5.069332
      0.516481      5.366217
      0.523216      5.614834
      0.529952      5.787072
      0.536688      5.849623


#band	3
      0.341354      1.536950
      0.348090      1.463955
      0.354825      1.426133
      0.361561      1.422294
      0.368297      1.450953
      0.375032      1.508649
      0.381768      1.592868
      0.388504      1.700877
      0.395239      1.830142
      0.401975      1.978646
      0.408711      2.144009
      0.415446      2.324619
      0.422182      2.519116
      0.428917      2.725752
      0.435653      2.942750
      0.442389      3.169692
      0.449124      3.403517
      0.455860      3.643285
      0.462596      3.887138
      0.469331      4.133306
      0.476067      4.378711
      0.482802      4.620713
      0.489538      4.855801
      0.496274      5.080382
      0.503009      5.288017
      0.509745      5.473389
      0.516481      5.630173
      0.523216      5.748906
      0.529952      5.823951
      0.536688      5.849638


#band	4
      0.341354      3.416071
      0.348090      3.505638
      0.354825      3.602193
      0.361561      3.705798
      0.368297      3.815522
      0.375032      3.930661
      0.381768      4.050500
      0.388504      4.174166
      0.395239      4.300672
      0.401975      4.429130
      0.408711      4.557964
      0.415446      4.686087
      0.422182      4.812352
      0.428917      4.935043
      0.435653      5.052839
      0.442389      5.164517
      0.449124      5.268815
      0.455860      5.364847
      0.462596      5.451838
      0.469331      5.530914
      0.476067      5.598813
      0.482802      5.657240
      0.489538      5.706576
      0.496274      5.747649
      0.503009      5.780624
      0.509745      5.806791
      0.516481      5.826004
      0.523216      5.839289
      0.529952      5.847074
      0.536688      5.849638


#band	5
      0.341354      7.057770
      0.348090      7.161444
      0.354825      7.273702
      0.361561      7.393971
      0.368297      7.520972
      0.375032      7.653803
      0.381768      7.791284
      0.388504      7.931869
      0.395239      8.071715
      0.401975      8.212381
      0.408711      8.349000
      0.415446      8.478339
      0.422182      8.596343
      0.428917      8.700125
      0.435653      8.785077
      0.442389      8.849094
      0.449124      8.890533
      0.455860      8.911596
      0.462596      8.913848
      0.469331      8.901560
      0.476067      8.877571
      0.482802      8.799008
      0.489538      8.708846
      0.496274      8.631074
      0.503009      8.564832
      0.509745      8.510613
      0.516481      8.468427
      0.523216      8.438287
      0.529952      8.420200
      0.536688      8.414154


#band	6
      0.341354      9.987774
      0.348090     10.514484
      0.354825     11.044459
      0.361561     11.561904
      0.368297     11.983289
      0.375032     11.824102
      0.381768     11.551534
      0.388504     11.289287
      0.395239     11.036542
      0.401975     10.795633
      0.408711     10.565745
      0.415446     10.347019
      0.422182     10.139756
      0.428917      9.944914
      0.435653      9.760373
      0.442389      9.587512
      0.449124      9.426234
      0.455860      9.276693
      0.462596      9.138745
      0.469331      9.015150
      0.476067      8.901119
      0.482802      8.845368
      0.489538      8.807340
      0.496274      8.765036
      0.503009      8.677763
      0.509745      8.591311
      0.516481      8.518456
      0.523216      8.462061
      0.529952      8.426427
      0.536688      8.414170


#band	7
      0.341354     13.329090
      0.348090     13.011745
      0.354825     12.701364
      0.361561     12.398811
      0.368297     12.106665
      0.375032     12.063829
      0.381768     11.882478
      0.388504     11.645424
      0.395239     11.397225
      0.401975     11.157433
      0.408711     10.923942
      0.415446     10.699530
      0.422182     10.482841
      0.428917     10.278937
      0.435653     10.084643
      0.442389      9.901197
      0.449124      9.723748
      0.455860      9.559749
      0.462596      9.404696
      0.469331      9.260994
      0.476067      9.125637
      0.482802      8.999418
      0.489538      8.882278
      0.496274      8.775634
      0.503009      8.717948
      0.509745      8.662798
      0.516481      8.596489
      0.523216      8.517866
      0.529952      8.445181
      0.536688      8.414170


#band	8
      0.341354     13.891965
      0.348090     13.569320
      0.354825     13.260904
      0.361561     12.995962
      0.368297     12.843397
      0.375032     12.880594
      0.381768     12.665131
      0.388504     12.462750
      0.395239     12.274601
      0.401975     12.104400
      0.408711     11.952428
      0.415446     11.821330
      0.422182     11.739825
      0.428917     11.632363
      0.435653     11.575032
      0.442389     11.541374
      0.449124     11.525183
      0.455860     11.516193
      0.462596     11.494839
      0.469331     11.438517
      0.476067     11.319637
      0.482802     11.121931
      0.489538     10.851892
      0.496274     10.534779
      0.503009     10.200209
      0.509745      9.877488
      0.516481      9.595941
      0.523216      9.383478
      0.529952      9.257670
      0.536688      9.217142


