#band	1
      0.874063     -1.812303
      0.878554     -1.924993
      0.883044     -2.038460
      0.887535     -2.151153
      0.892025     -2.262666
      0.896516     -2.372380
      0.901006     -2.479765
      0.905496     -2.584405
      0.909987     -2.685917
      0.914477     -2.783982
      0.918968     -2.878377
      0.923458     -2.968792
      0.927948     -3.055078
      0.932439     -3.137068
      0.936929     -3.214619
      0.941420     -3.287683
      0.945910     -3.355985
      0.950401     -3.419547
      0.954891     -3.478269
      0.959381     -3.532085
      0.963872     -3.580934
      0.968362     -3.624764
      0.972853     -3.663535
      0.977343     -3.697204
      0.981834     -3.725747
      0.986324     -3.749135
      0.990814     -3.767520
      0.995305     -3.780540
      0.999795     -3.788668
      1.004286     -3.791303


#band	2
      0.874063     -1.812301
      0.878554     -1.701078
      0.883044     -1.592627
      0.887535     -1.488138
      0.892025     -1.389148
      0.896516     -1.297283
      0.901006     -1.214047
      0.905496     -1.141054
      0.909987     -1.079352
      0.914477     -1.029540
      0.918968     -0.991680
      0.923458     -0.965372
      0.927948     -0.949475
      0.932439     -0.942849
      0.936929     -0.943880
      0.941420     -0.951136
      0.945910     -0.962864
      0.950401     -0.977970
      0.954891     -0.995199
      0.959381     -1.013576
      0.963872     -1.032240
      0.968362     -1.050436
      0.972853     -1.067692
      0.977343     -1.083476
      0.981834     -1.097356
      0.986324     -1.109144
      0.990814     -1.118626
      0.995305     -1.125462
      0.999795     -1.129758
      1.004286     -1.131168


#band	3
      0.874063      1.986924
      0.878554      1.907382
      0.883044      1.838246
      0.887535      1.781614
      0.892025      1.738810
      0.896516      1.711508
      0.901006      1.701430
      0.905496      1.709887
      0.909987      1.738002
      0.914477      1.786547
      0.918968      1.855525
      0.923458      1.944243
      0.927948      2.051724
      0.932439      2.176229
      0.936929      2.316093
      0.941420      2.469296
      0.945910      2.634397
      0.950401      2.809060
      0.954891      2.991685
      0.959381      3.180140
      0.963872      3.372479
      0.968362      3.566823
      0.972853      3.759593
      0.977343      3.947972
      0.981834      4.127763
      0.986324      4.292465
      0.990814      4.435293
      0.995305      4.547579
      0.999795      4.619667
      1.004286      4.644604


#band	4
      0.874063      1.986932
      0.878554      2.075798
      0.883044      2.172631
      0.887535      2.276549
      0.892025      2.386439
      0.896516      2.501347
      0.901006      2.620722
      0.905496      2.743065
      0.909987      2.867880
      0.914477      2.994355
      0.918968      3.121695
      0.923458      3.249019
      0.927948      3.375513
      0.932439      3.500297
      0.936929      3.622501
      0.941420      3.741173
      0.945910      3.856278
      0.950401      3.965418
      0.954891      4.068865
      0.959381      4.165115
      0.963872      4.253828
      0.968362      4.334586
      0.972853      4.406482
      0.977343      4.469327
      0.981834      4.522961
      0.986324      4.566893
      0.990814      4.600780
      0.995305      4.625273
      0.999795      4.639886
      1.004286      4.644604


#band	5
      0.874063     10.132079
      0.878554     10.036372
      0.883044      9.927557
      0.887535      9.817969
      0.892025      9.710659
      0.896516      9.607739
      0.901006      9.510749
      0.905496      9.419916
      0.909987      9.334522
      0.914477      9.258213
      0.918968      9.190298
      0.923458      9.130118
      0.927948      9.078715
      0.932439      9.035884
      0.936929      8.969686
      0.941420      8.872327
      0.945910      8.777112
      0.950401      8.679293
      0.954891      8.579089
      0.959381      8.474618
      0.963872      8.363901
      0.968362      8.245417
      0.972853      8.117835
      0.977343      7.982593
      0.981834      7.843414
      0.986324      7.706890
      0.990814      7.582362
      0.995305      7.481165
      0.999795      7.414283
      1.004286      7.390882


#band	6
      0.874063     10.132114
      0.878554     10.195499
      0.883044     10.197265
      0.887535     10.137800
      0.892025     10.044029
      0.896516      9.935765
      0.901006      9.822558
      0.905496      9.708528
      0.909987      9.595631
      0.914477      9.484913
      0.918968      9.376742
      0.923458      9.271313
      0.927948      9.168670
      0.932439      9.068219
      0.936929      9.002056
      0.941420      8.976352
      0.945910      8.961641
      0.950401      8.955064
      0.954891      8.957166
      0.959381      8.967396
      0.963872      8.984939
      0.968362      9.009163
      0.972853      9.037558
      0.977343      9.069018
      0.981834      9.101457
      0.986324      9.132301
      0.990814      9.159343
      0.995305      9.180593
      0.999795      9.193565
      1.004286      9.198088


#band	7
      0.874063     10.858451
      0.878554     10.790349
      0.883044     10.792390
      0.887535     10.867639
      0.892025     10.988436
      0.896516     11.134146
      0.901006     11.296166
      0.905496     11.468088
      0.909987     11.648628
      0.914477     11.836981
      0.918968     12.033140
      0.923458     12.234842
      0.927948     12.441500
      0.932439     12.273907
      0.936929     11.940238
      0.941420     11.612844
      0.945910     11.298915
      0.950401     10.996378
      0.954891     10.709087
      0.959381     10.439609
      0.963872     10.191621
      0.968362      9.967669
      0.972853      9.772947
      0.977343      9.609040
      0.981834      9.476843
      0.986324      9.371907
      0.990814      9.293389
      0.995305      9.239850
      0.999795      9.208505
      1.004286      9.198088


#band	8
      0.874063     10.858471
      0.878554     10.969653
      0.883044     11.102796
      0.887535     11.249349
      0.892025     11.404656
      0.896516     11.566479
      0.901006     11.733643
      0.905496     11.905077
      0.909987     12.080136
      0.914477     12.258357
      0.918968     12.438700
      0.923458     12.620967
      0.927948     12.617859
      0.932439     12.660787
      0.936929     12.879257
      0.941420     13.101638
      0.945910     13.339844
      0.950401     13.577060
      0.954891     13.812277
      0.959381     13.908518
      0.963872     13.970701
      0.968362     13.991897
      0.972853     13.960192
      0.977343     13.901923
      0.981834     13.826532
      0.986324     13.748138
      0.990814     13.676955
      0.995305     13.621281
      0.999795     13.585676
      1.004286     13.573543


