#band	1
      0.184162     -1.976543
      0.187337     -1.976063
      0.190512     -1.974754
      0.193688     -1.972583
      0.196863     -1.969570
      0.200038     -1.965741
      0.203213     -1.961250
      0.206388     -1.955904
      0.209564     -1.949870
      0.212739     -1.943203
      0.215914     -1.935981
      0.219089     -1.928252
      0.222265     -1.920106
      0.225440     -1.911629
      0.228615     -1.902911
      0.231790     -1.894053
      0.234965     -1.885154
      0.238141     -1.876318
      0.241316     -1.867653
      0.244491     -1.859203
      0.247666     -1.851347
      0.250841     -1.843855
      0.254017     -1.837016
      0.257192     -1.830823
      0.260367     -1.825416
      0.263542     -1.820875
      0.266717     -1.817268
      0.269893     -1.814444
      0.273068     -1.812835
      0.276243     -1.812303


#band	2
      0.184162     -1.976542
      0.187337     -1.976062
      0.190512     -1.974753
      0.193688     -1.972582
      0.196863     -1.969569
      0.200038     -1.965740
      0.203213     -1.961249
      0.206388     -1.955903
      0.209564     -1.949869
      0.212739     -1.943202
      0.215914     -1.935979
      0.219089     -1.928250
      0.222265     -1.920105
      0.225440     -1.911627
      0.228615     -1.902910
      0.231790     -1.894052
      0.234965     -1.885152
      0.238141     -1.876316
      0.241316     -1.867652
      0.244491     -1.859201
      0.247666     -1.851346
      0.250841     -1.843854
      0.254017     -1.837014
      0.257192     -1.830821
      0.260367     -1.825414
      0.263542     -1.820873
      0.266717     -1.817266
      0.269893     -1.814442
      0.273068     -1.812833
      0.276243     -1.812301


#band	3
      0.184162      2.987867
      0.187337      2.984266
      0.190512      2.972374
      0.193688      2.952951
      0.196863      2.926532
      0.200038      2.893767
      0.203213      2.855182
      0.206388      2.812244
      0.209564      2.765500
      0.212739      2.715801
      0.215914      2.663877
      0.219089      2.610661
      0.222265      2.556777
      0.225440      2.502877
      0.228615      2.449554
      0.231790      2.397348
      0.234965      2.346748
      0.238141      2.298196
      0.241316      2.252094
      0.244491      2.208827
      0.247666      2.168461
      0.250841      2.131753
      0.254017      2.098626
      0.257192      2.069547
      0.260367      2.044595
      0.263542      2.023942
      0.266717      2.007731
      0.269893      1.996256
      0.273068      1.989271
      0.276243      1.986924


#band	4
      0.184162      2.987876
      0.187337      2.984275
      0.190512      2.972382
      0.193688      2.952960
      0.196863      2.926540
      0.200038      2.893775
      0.203213      2.855192
      0.206388      2.812253
      0.209564      2.765509
      0.212739      2.715810
      0.215914      2.663886
      0.219089      2.610669
      0.222265      2.556786
      0.225440      2.502885
      0.228615      2.449562
      0.231790      2.397356
      0.234965      2.346756
      0.238141      2.298204
      0.241316      2.252103
      0.244491      2.208835
      0.247666      2.168469
      0.250841      2.131761
      0.254017      2.098634
      0.257192      2.069556
      0.260367      2.044603
      0.263542      2.023951
      0.266717      2.007739
      0.269893      1.996264
      0.273068      1.989279
      0.276243      1.986932


#band	5
      0.184162      6.562420
      0.187337      6.570566
      0.190512      6.592327
      0.193688      6.628192
      0.196863      6.677639
      0.200038      6.740340
      0.203213      6.813479
      0.206388      6.899313
      0.209564      6.995632
      0.212739      7.101620
      0.215914      7.216231
      0.219089      7.339260
      0.222265      7.469783
      0.225440      7.607190
      0.228615      7.750926
      0.231790      7.900484
      0.234965      8.055402
      0.238141      8.215246
      0.241316      8.379607
      0.244491      8.548098
      0.247666      8.719372
      0.250841      8.894736
      0.254017      9.072391
      0.257192      9.252334
      0.260367      9.433059
      0.263542      9.612649
      0.266717      9.787377
      0.269893      9.949470
      0.273068     10.078584
      0.276243     10.132079


#band	6
      0.184162      6.562441
      0.187337      6.570585
      0.190512      6.592346
      0.193688      6.628211
      0.196863      6.677657
      0.200038      6.740358
      0.203213      6.813503
      0.206388      6.899336
      0.209564      6.995655
      0.212739      7.101643
      0.215914      7.216254
      0.219089      7.339283
      0.222265      7.469806
      0.225440      7.607213
      0.228615      7.750949
      0.231790      7.900508
      0.234965      8.055425
      0.238141      8.215270
      0.241316      8.379631
      0.244491      8.548122
      0.247666      8.719401
      0.250841      8.894766
      0.254017      9.072422
      0.257192      9.252365
      0.260367      9.433091
      0.263542      9.612682
      0.266717      9.787411
      0.269893      9.949504
      0.273068     10.078619
      0.276243     10.132114


#band	7
      0.184162     15.967944
      0.187337     15.958781
      0.190512     15.922588
      0.193688     15.859768
      0.196863     15.766472
      0.200038     15.642940
      0.203213     15.488850
      0.206388     15.315191
      0.209564     15.124650
      0.212739     14.922308
      0.215914     14.710801
      0.219089     14.494242
      0.222265     14.273772
      0.225440     14.050773
      0.228615     13.826172
      0.231790     13.600763
      0.234965     13.375208
      0.238141     13.150010
      0.241316     12.925611
      0.244491     12.703599
      0.247666     12.481352
      0.250841     12.261808
      0.254017     12.042732
      0.257192     11.829122
      0.260367     11.619947
      0.263542     11.417116
      0.266717     11.224340
      0.269893     11.050468
      0.273068     10.914527
      0.276243     10.858451


#band	8
      0.184162     15.985783
      0.187337     15.963600
      0.190512     15.925503
      0.193688     15.874362
      0.196863     15.772187
      0.200038     15.643936
      0.203213     15.489153
      0.206388     15.315510
      0.209564     15.124881
      0.212739     14.922652
      0.215914     14.710895
      0.219089     14.494301
      0.222265     14.273851
      0.225440     14.050826
      0.228615     13.826189
      0.231790     13.600806
      0.234965     13.375259
      0.238141     13.150054
      0.241316     12.925656
      0.244491     12.703635
      0.247666     12.481389
      0.250841     12.261846
      0.254017     12.042768
      0.257192     11.829157
      0.260367     11.619981
      0.263542     11.417148
      0.266717     11.224369
      0.269893     11.050492
      0.273068     10.914548
      0.276243     10.858467


