#band	1
      0.696177     -3.791303
      0.700065     -3.789349
      0.703954     -3.783143
      0.707843     -3.773374
      0.711732     -3.759681
      0.715621     -3.742128
      0.719509     -3.720698
      0.723398     -3.695272
      0.727287     -3.666138
      0.731176     -3.633190
      0.735065     -3.596441
      0.738954     -3.555930
      0.742842     -3.511695
      0.746731     -3.463783
      0.750620     -3.412251
      0.754509     -3.357164
      0.758398     -3.298596
      0.762286     -3.236670
      0.766175     -3.171445
      0.770064     -3.103207
      0.773953     -3.032115
      0.777842     -2.958455
      0.781731     -2.882630
      0.785619     -2.805166
      0.789508     -2.726782
      0.793397     -2.648770
      0.797286     -2.572795
      0.801175     -2.501461
      0.805063     -2.438801
      0.808952     -2.390627


#band	2
      0.696177     -1.131168
      0.700065     -1.130126
      0.703954     -1.126841
      0.707843     -1.121688
      0.711732     -1.114549
      0.715621     -1.105566
      0.719509     -1.094847
      0.723398     -1.082566
      0.727287     -1.068975
      0.731176     -1.054214
      0.735065     -1.038660
      0.738954     -1.022681
      0.742842     -1.006726
      0.746731     -0.991330
      0.750620     -0.977154
      0.754509     -0.964897
      0.758398     -0.955416
      0.762286     -0.949735
      0.766175     -0.948821
      0.770064     -0.953980
      0.773953     -0.966253
      0.777842     -0.986644
      0.781731     -1.015988
      0.785619     -1.054390
      0.789508     -1.101536
      0.793397     -1.156461
      0.797286     -1.216868
      0.801175     -1.279005
      0.805063     -1.337869
      0.808952     -1.386393


#band	3
      0.696177      4.644604
      0.700065      4.625712
      0.703954      4.570986
      0.707843      4.483965
      0.711732      4.370799
      0.715621      4.236964
      0.719509      4.087756
      0.723398      3.926931
      0.727287      3.758840
      0.731176      3.585892
      0.735065      3.410611
      0.738954      3.234666
      0.742842      3.059698
      0.746731      2.887193
      0.750620      2.718170
      0.754509      2.554792
      0.758398      2.398118
      0.762286      2.249505
      0.766175      2.110608
      0.770064      1.982795
      0.773953      1.867697
      0.777842      1.766768
      0.781731      1.681189
      0.785619      1.612051
      0.789508      1.559861
      0.793397      1.524434
      0.797286      1.505235
      0.801175      1.501837
      0.805063      1.512839
      0.808952      1.536950


#band	4
      0.696177      4.644604
      0.700065      4.640937
      0.703954      4.630463
      0.707843      4.612518
      0.711732      4.588132
      0.715621      4.557463
      0.719509      4.521285
      0.723398      4.480260
      0.727287      4.434663
      0.731176      4.385864
      0.735065      4.334362
      0.738954      4.280685
      0.742842      4.225430
      0.746731      4.169143
      0.750620      4.112245
      0.754509      4.055354
      0.758398      3.998406
      0.762286      3.942559
      0.766175      3.887769
      0.770064      3.834262
      0.773953      3.782327
      0.777842      3.732193
      0.781731      3.684012
      0.785619      3.638072
      0.789508      3.594522
      0.793397      3.553361
      0.797286      3.514789
      0.801175      3.479002
      0.805063      3.446031
      0.808952      3.416071


#band	5
      0.696177      7.390882
      0.700065      7.408447
      0.703954      7.459449
      0.707843      7.537974
      0.711732      7.636559
      0.715621      7.745645
      0.719509      7.854602
      0.723398      7.951551
      0.727287      8.024693
      0.731176      8.066684
      0.735065      8.076673
      0.738954      8.059574
      0.742842      8.022508
      0.746731      7.971860
      0.750620      7.912364
      0.754509      7.847642
      0.758398      7.780719
      0.762286      7.711915
      0.766175      7.643527
      0.770064      7.575861
      0.773953      7.509941
      0.777842      7.446322
      0.781731      7.385443
      0.785619      7.327635
      0.789508      7.273191
      0.793397      7.222300
      0.797286      7.175039
      0.801175      7.131800
      0.805063      7.092653
      0.808952      7.057770


#band	6
      0.696177      9.198088
      0.700065      9.194615
      0.703954      9.185368
      0.707843      9.171108
      0.711732      9.155721
      0.715621      9.144101
      0.719509      9.143498
      0.723398      9.161911
      0.727287      9.211494
      0.731176      9.298943
      0.735065      9.422306
      0.738954      9.577146
      0.742842      9.756130
      0.746731      9.952737
      0.750620     10.161734
      0.754509     10.379842
      0.758398     10.604643
      0.762286     10.831118
      0.766175     11.055300
      0.770064     11.263283
      0.773953     11.409360
      0.777842     11.397505
      0.781731     11.260572
      0.785619     11.085149
      0.789508     10.900075
      0.793397     10.712861
      0.797286     10.526188
      0.801175     10.342839
      0.805063     10.162940
      0.808952      9.987774


#band	7
      0.696177      9.198088
      0.700065      9.205730
      0.703954      9.229107
      0.707843      9.266933
      0.711732      9.319487
      0.715621      9.385912
      0.719509      9.465752
      0.723398      9.557549
      0.727287      9.660473
      0.731176      9.775159
      0.735065      9.901697
      0.738954     10.038178
      0.742842     10.183957
      0.746731     10.338423
      0.750620     10.500625
      0.754509     10.670733
      0.758398     10.849833
      0.762286     11.033473
      0.766175     11.223101
      0.770064     11.418156
      0.773953     11.618016
      0.777842     11.821960
      0.781731     12.028361
      0.785619     12.237309
      0.789508     12.448265
      0.793397     12.652799
      0.797286     12.852312
      0.801175     13.038296
      0.805063     13.200930
      0.808952     13.329021


#band	8
      0.696177     13.573544
      0.700065     13.582642
      0.703954     13.609693
      0.707843     13.652395
      0.711732     13.708269
      0.715621     13.772708
      0.719509     13.838939
      0.723398     13.896418
      0.727287     13.927963
      0.731176     13.908305
      0.735065     13.822963
      0.738954     13.678609
      0.742842     13.497353
      0.746731     13.296740
      0.750620     13.084961
      0.754509     12.871988
      0.758398     12.659443
      0.762286     12.450799
      0.766175     12.251635
      0.770064     12.073968
      0.773953     11.964265
      0.777842     12.018444
      0.781731     12.204882
      0.785619     12.434076
      0.789508     12.678894
      0.793397     12.930302
      0.797286     13.185010
      0.801175     13.441002
      0.805063     13.692309
      0.808952     13.894571


