#band	1
      0.536688     -6.123809
      0.542187     -6.119911
      0.547687     -6.108201
      0.553186     -6.088668
      0.558686     -6.061383
      0.564186     -6.026358
      0.569685     -5.983682
      0.575185     -5.933320
      0.580684     -5.875435
      0.586184     -5.810108
      0.591684     -5.737400
      0.597183     -5.657473
      0.602683     -5.570506
      0.608183     -5.476712
      0.613682     -5.376307
      0.619182     -5.269609
      0.624681     -5.156907
      0.630181     -5.038871
      0.635681     -4.916159
      0.641180     -4.789331
      0.646680     -4.659515
      0.652180     -4.528063
      0.657679     -4.396771
      0.663179     -4.268031
      0.668678     -4.145050
      0.674178     -4.031963
      0.679678     -3.933997
      0.685177     -3.857249
      0.690677     -3.807983
      0.696177     -3.791303


#band	2
      0.536688      5.849623
      0.542187      5.802495
      0.547687      5.669253
      0.553186      5.469237
      0.558686      5.221179
      0.564186      4.941482
      0.569685      4.639864
      0.575185      4.326946
      0.580684      4.006211
      0.586184      3.680810
      0.591684      3.354752
      0.597183      3.029346
      0.602683      2.706149
      0.608183      2.386299
      0.613682      2.071145
      0.619182      1.761541
      0.624681      1.458509
      0.630181      1.162763
      0.635681      0.874150
      0.641180      0.596308
      0.646680      0.329228
      0.652180      0.074477
      0.657679     -0.165974
      0.663179     -0.389583
      0.668678     -0.593103
      0.674178     -0.772185
      0.679678     -0.921557
      0.685177     -1.035063
      0.690677     -1.106535
      0.696177     -1.131168


#band	3
      0.536688      5.849638
      0.542187      5.842791
      0.547687      5.822655
      0.553186      5.790364
      0.558686      5.747579
      0.564186      5.696235
      0.569685      5.638243
      0.575185      5.575343
      0.580684      5.509595
      0.586184      5.441665
      0.591684      5.373862
      0.597183      5.306623
      0.602683      5.240742
      0.608183      5.176836
      0.613682      5.115473
      0.619182      5.057046
      0.624681      5.001869
      0.630181      4.950198
      0.635681      4.902088
      0.641180      4.857996
      0.646680      4.817886
      0.652180      4.781847
      0.657679      4.749943
      0.663179      4.722305
      0.668678      4.698797
      0.674178      4.679556
      0.679678      4.664576
      0.685177      4.653868
      0.690677      4.646839
      0.696177      4.644604


#band	4
      0.536688      5.849638
      0.542187      5.842791
      0.547687      5.822655
      0.553186      5.790364
      0.558686      5.747579
      0.564186      5.696235
      0.569685      5.638243
      0.575185      5.575343
      0.580684      5.509595
      0.586184      5.441665
      0.591684      5.373862
      0.597183      5.306623
      0.602683      5.240742
      0.608183      5.176836
      0.613682      5.115473
      0.619182      5.057046
      0.624681      5.001869
      0.630181      4.950198
      0.635681      4.902088
      0.641180      4.857996
      0.646680      4.817886
      0.652180      4.781847
      0.657679      4.749943
      0.663179      4.722305
      0.668678      4.698797
      0.674178      4.679556
      0.679678      4.664576
      0.685177      4.653868
      0.690677      4.646839
      0.696177      4.644604


#band	5
      0.536688      8.414154
      0.542187      8.424163
      0.547687      8.453611
      0.553186      8.475967
      0.558686      8.476087
      0.564186      8.455129
      0.569685      8.417048
      0.575185      8.367584
      0.580684      8.309968
      0.586184      8.246561
      0.591684      8.180452
      0.597183      8.112843
      0.602683      8.045049
      0.608183      7.977750
      0.613682      7.912497
      0.619182      7.850330
      0.624681      7.792123
      0.630181      7.735369
      0.635681      7.682249
      0.641180      7.633153
      0.646680      7.588254
      0.652180      7.547731
      0.657679      7.511723
      0.663179      7.480369
      0.668678      7.452303
      0.674178      7.430351
      0.679678      7.413233
      0.685177      7.400983
      0.690677      7.393527
      0.696177      7.390882


#band	6
      0.536688      8.414170
      0.542187      8.424163
      0.547687      8.453611
      0.553186      8.501003
      0.558686      8.564039
      0.564186      8.639865
      0.569685      8.725099
      0.575185      8.816856
      0.580684      8.911130
      0.586184      9.003521
      0.591684      9.092437
      0.597183      9.173588
      0.602683      9.244065
      0.608183      9.300916
      0.613682      9.344131
      0.619182      9.372901
      0.624681      9.387999
      0.630181      9.390982
      0.635681      9.383916
      0.641180      9.369251
      0.646680      9.349252
      0.652180      9.326071
      0.657679      9.301608
      0.663179      9.278887
      0.668678      9.256393
      0.674178      9.236652
      0.679678      9.220493
      0.685177      9.208539
      0.690677      9.200851
      0.696177      9.198088


#band	7
      0.536688      8.414170
      0.542187      8.427282
      0.547687      8.455172
      0.553186      8.501003
      0.558686      8.564039
      0.564186      8.639865
      0.569685      8.725099
      0.575185      8.816856
      0.580684      8.911130
      0.586184      9.003521
      0.591684      9.092437
      0.597183      9.173588
      0.602683      9.244065
      0.608183      9.300916
      0.613682      9.344131
      0.619182      9.372901
      0.624681      9.387999
      0.630181      9.390982
      0.635681      9.383916
      0.641180      9.369251
      0.646680      9.349252
      0.652180      9.326071
      0.657679      9.301608
      0.663179      9.278887
      0.668678      9.256393
      0.674178      9.236652
      0.679678      9.220493
      0.685177      9.208539
      0.690677      9.200851
      0.696177      9.198088


#band	8
      0.536688      9.217142
      0.542187      9.244211
      0.547687      9.329038
      0.553186      9.475878
      0.558686      9.678758
      0.564186      9.924130
      0.569685     10.197967
      0.575185     10.489843
      0.580684     10.792186
      0.586184     11.099989
      0.591684     11.410296
      0.597183     11.720485
      0.602683     12.028272
      0.608183     12.331777
      0.613682     12.630663
      0.619182     12.914224
      0.624681     13.228571
      0.630181     13.409478
      0.635681     13.589932
      0.641180     13.713651
      0.646680     13.748821
      0.652180     13.743314
      0.657679     13.723030
      0.663179     13.693524
      0.668678     13.661739
      0.674178     13.632343
      0.679678     13.607645
      0.685177     13.589182
      0.690677     13.577766
      0.696177     13.573545


