#band	1
      1.004286     -3.791303
      1.008174     -3.789349
      1.012063     -3.783143
      1.015952     -3.773374
      1.019841     -3.759681
      1.023730     -3.742128
      1.027619     -3.720698
      1.031507     -3.695272
      1.035396     -3.666138
      1.039285     -3.633190
      1.043174     -3.596441
      1.047063     -3.555930
      1.050951     -3.511695
      1.054840     -3.463783
      1.058729     -3.412251
      1.062618     -3.357164
      1.066507     -3.298596
      1.070396     -3.236670
      1.074284     -3.171445
      1.078173     -3.103207
      1.082062     -3.032115
      1.085951     -2.958455
      1.089840     -2.882630
      1.093728     -2.805166
      1.097617     -2.726782
      1.101506     -2.648770
      1.105395     -2.572795
      1.109284     -2.501461
      1.113173     -2.438801
      1.117061     -2.390627


#band	2
      1.004286     -1.131168
      1.008174     -1.130126
      1.012063     -1.126841
      1.015952     -1.121688
      1.019841     -1.114549
      1.023730     -1.105566
      1.027619     -1.094847
      1.031507     -1.082566
      1.035396     -1.068975
      1.039285     -1.054214
      1.043174     -1.038660
      1.047063     -1.022681
      1.050951     -1.006726
      1.054840     -0.991330
      1.058729     -0.977154
      1.062618     -0.964897
      1.066507     -0.955416
      1.070396     -0.949735
      1.074284     -0.948821
      1.078173     -0.953980
      1.082062     -0.966253
      1.085951     -0.986644
      1.089840     -1.015988
      1.093728     -1.054390
      1.097617     -1.101536
      1.101506     -1.156461
      1.105395     -1.216868
      1.109284     -1.279005
      1.113173     -1.337869
      1.117061     -1.386393


#band	3
      1.004286      4.644604
      1.008174      4.625712
      1.012063      4.570986
      1.015952      4.483965
      1.019841      4.370799
      1.023730      4.236964
      1.027619      4.087756
      1.031507      3.926931
      1.035396      3.758840
      1.039285      3.585892
      1.043174      3.410611
      1.047063      3.234666
      1.050951      3.059698
      1.054840      2.887193
      1.058729      2.718170
      1.062618      2.554792
      1.066507      2.398118
      1.070396      2.249505
      1.074284      2.110608
      1.078173      1.982795
      1.082062      1.867697
      1.085951      1.766768
      1.089840      1.681189
      1.093728      1.612051
      1.097617      1.559861
      1.101506      1.524434
      1.105395      1.505235
      1.109284      1.501837
      1.113173      1.512839
      1.117061      1.536950


#band	4
      1.004286      4.644604
      1.008174      4.640937
      1.012063      4.630463
      1.015952      4.612518
      1.019841      4.588132
      1.023730      4.557463
      1.027619      4.521285
      1.031507      4.480260
      1.035396      4.434663
      1.039285      4.385864
      1.043174      4.334362
      1.047063      4.280685
      1.050951      4.225430
      1.054840      4.169143
      1.058729      4.112245
      1.062618      4.055354
      1.066507      3.998406
      1.070396      3.942559
      1.074284      3.887769
      1.078173      3.834262
      1.082062      3.782327
      1.085951      3.732193
      1.089840      3.684012
      1.093728      3.638072
      1.097617      3.594522
      1.101506      3.553361
      1.105395      3.514789
      1.109284      3.479002
      1.113173      3.446031
      1.117061      3.416071


#band	5
      1.004286      7.390882
      1.008174      7.408447
      1.012063      7.459449
      1.015952      7.537974
      1.019841      7.636559
      1.023730      7.745645
      1.027619      7.854602
      1.031507      7.951551
      1.035396      8.024693
      1.039285      8.066684
      1.043174      8.076673
      1.047063      8.059574
      1.050951      8.022508
      1.054840      7.971860
      1.058729      7.912364
      1.062618      7.847642
      1.066507      7.780719
      1.070396      7.711915
      1.074284      7.643527
      1.078173      7.575861
      1.082062      7.509941
      1.085951      7.446322
      1.089840      7.385443
      1.093728      7.327635
      1.097617      7.273191
      1.101506      7.222300
      1.105395      7.175039
      1.109284      7.131800
      1.113173      7.092653
      1.117061      7.057770


#band	6
      1.004286      9.198088
      1.008174      9.194615
      1.012063      9.185368
      1.015952      9.171108
      1.019841      9.155721
      1.023730      9.144101
      1.027619      9.143498
      1.031507      9.161911
      1.035396      9.211494
      1.039285      9.298943
      1.043174      9.422306
      1.047063      9.577146
      1.050951      9.756130
      1.054840      9.952737
      1.058729     10.161734
      1.062618     10.379842
      1.066507     10.604643
      1.070396     10.831118
      1.074284     11.055300
      1.078173     11.263283
      1.082062     11.409360
      1.085951     11.397504
      1.089840     11.260573
      1.093728     11.085149
      1.097617     10.900075
      1.101506     10.712861
      1.105395     10.526188
      1.109284     10.342839
      1.113173     10.162940
      1.117061      9.987774


#band	7
      1.004286      9.198088
      1.008174      9.205730
      1.012063      9.229104
      1.015952      9.266933
      1.019841      9.319487
      1.023730      9.385912
      1.027619      9.465752
      1.031507      9.557549
      1.035396      9.660473
      1.039285      9.775159
      1.043174      9.901697
      1.047063     10.038178
      1.050951     10.183957
      1.054840     10.338423
      1.058729     10.500625
      1.062618     10.670733
      1.066507     10.849834
      1.070396     11.033473
      1.074284     11.223101
      1.078173     11.418156
      1.082062     11.618023
      1.085951     11.821952
      1.089840     12.028361
      1.093728     12.237308
      1.097617     12.448265
      1.101506     12.652799
      1.105395     12.852305
      1.109284     13.038624
      1.113173     13.200858
      1.117061     13.329119


#band	8
      1.004286     13.573550
      1.008174     13.582643
      1.012063     13.609661
      1.015952     13.652397
      1.019841     13.708276
      1.023730     13.772706
      1.027619     13.838961
      1.031507     13.896487
      1.035396     13.927668
      1.039285     13.908429
      1.043174     13.822928
      1.047063     13.678643
      1.050951     13.497272
      1.054840     13.296676
      1.058729     13.084960
      1.062618     12.871978
      1.066507     12.659703
      1.070396     12.450800
      1.074284     12.251632
      1.078173     12.073968
      1.082062     11.964282
      1.085951     12.018426
      1.089840     12.204891
      1.093728     12.434079
      1.097617     12.678902
      1.101506     12.930290
      1.105395     13.185320
      1.109284     13.442034
      1.113173     13.692339
      1.117061     13.897015


